Первоначальная матрица:
    -53.55     -94.43     -21.95     -47.21      26.99     -15.58     -53.79     -63.77     -92.90     -29.65 
    -43.19      57.37     -89.84     -14.43      66.43     -22.86      61.64      28.78     -46.34     -64.45 
    -86.07     -74.33      -7.28     -43.77      57.55      20.46     -96.28     -79.76      24.80      89.72 
    -63.57      40.18      -7.58      59.61      43.24     -33.99     -10.84       8.05      -2.06      53.70 
     14.77      32.75     -83.46      28.06     -23.43      66.55     -63.89     -29.05      49.79      21.34 
    -91.81      66.11     -31.96     -58.33      62.87      31.93      50.13     -50.57      99.87      73.30 


Матрица после деления на максимальный по модулю элемент:
     -0.54      -0.95      -0.22      -0.47       0.27      -0.16      -0.54      -0.64      -0.93      -0.30 
     -0.43       0.57      -0.90      -0.14       0.67      -0.23       0.62       0.29      -0.46      -0.65 
     -0.86      -0.74      -0.07      -0.44       0.58       0.20      -0.96      -0.80       0.25       0.90 
     -0.64       0.40      -0.08       0.60       0.43      -0.34      -0.11       0.08      -0.02       0.54 
      0.15       0.33      -0.84       0.28      -0.23       0.67      -0.64      -0.29       0.50       0.21 
     -0.92       0.66      -0.32      -0.58       0.63       0.32       0.50      -0.51       1.00       0.73 


Матрица после деления на минимальный по модулю элемент:
    -26.00     -45.84     -10.66     -22.92      13.10      -7.56     -26.11     -30.96     -45.10     -14.39 
    -20.96      27.85     -43.61      -7.00      32.25     -11.09      29.92      13.97     -22.49     -31.28 
    -41.78     -36.08      -3.54     -21.25      27.94       9.93     -46.74     -38.72      12.04      43.55 
    -30.86      19.51      -3.68      28.94      20.99     -16.50      -5.26       3.91      -1.00      26.07 
      7.17      15.90     -40.51      13.62     -11.37      32.30     -31.01     -14.10      24.17      10.36 
    -44.57      32.09     -15.51     -28.32      30.52      15.50      24.33     -24.55      48.48      35.58 


Матрица после деления на среднее значение главной диагонали:
     -4.97      -8.76      -2.04      -4.38       2.50      -1.45      -4.99      -5.92      -8.62      -2.75 
     -4.01       5.32      -8.34      -1.34       6.17      -2.12       5.72       2.67      -4.30      -5.98 
     -7.99      -6.90      -0.68      -4.06       5.34       1.90      -8.94      -7.40       2.30       8.33 
     -5.90       3.73      -0.70       5.53       4.01      -3.16      -1.01       0.75      -0.19       4.98 
      1.37       3.04      -7.75       2.60      -2.17       6.18      -5.93      -2.70       4.62       1.98 
     -8.52       6.14      -2.97      -5.41       5.84       2.96       4.65      -4.69       9.27       6.80 

